65
32085b     0.00000000 0.00080559 0.00101992 0.00103562 0.00094490 0.00087052 0.00101163 0.00090462 0.00088833 0.00121982 0.00094647 0.00093701 0.00092082 0.00093734 0.00146833 0.00115168 0.00121011 0.00123503 0.00113583 0.00149487 0.00136876 0.00164732 0.00144364 0.00232700 0.00225077 0.00241324 0.00229190 0.00219991 0.00231885 0.00231114 0.00379958 0.00375407 0.00384560 0.00379979 0.00379793 0.00378173 0.00386962 0.00384276 0.00384535 0.00375322 0.00441928 0.00326083 0.00436264 0.00456225 0.00446206 0.00344052 0.00368423 0.00427031 0.00406944 0.00450035 0.00460085 0.00429345 0.00434707 0.00464032 0.00569783 0.00339775 0.00318256 0.00441930 0.00397782 0.00429491 0.00408090 0.01098860 0.01107103 0.01110679 0.01135414 
32013      0.00080559 0.00000000 0.00074781 0.00085561 0.00060858 0.00064123 0.00070731 0.00064167 0.00069063 0.00080540 0.00065058 0.00076519 0.00051057 0.00057620 0.00109548 0.00100416 0.00107877 0.00099611 0.00101295 0.00125476 0.00103762 0.00127160 0.00106235 0.00194571 0.00186084 0.00197991 0.00185158 0.00185375 0.00189531 0.00180257 0.00342494 0.00335366 0.00343486 0.00341598 0.00340558 0.00338912 0.00348530 0.00342350 0.00346119 0.00337903 0.00410867 0.00285428 0.00402713 0.00422534 0.00413335 0.00305042 0.00317610 0.00384559 0.00369049 0.00415325 0.00425409 0.00398503 0.00402913 0.00431110 0.00534371 0.00304174 0.00277693 0.00394830 0.00354688 0.00379851 0.00360440 0.01034186 0.01045145 0.01050844 0.01069811 
32018      0.00101992 0.00074781 0.00000000 0.00075633 0.00071494 0.00067415 0.00073150 0.00078128 0.00054310 0.00092862 0.00069876 0.00082182 0.00071547 0.00079783 0.00124428 0.00104450 0.00101943 0.00099529 0.00093749 0.00122838 0.00118611 0.00127799 0.00116169 0.00186791 0.00184363 0.00199556 0.00195190 0.00182709 0.00189380 0.00197145 0.00343020 0.00338548 0.00345825 0.00342133 0.00341160 0.00341287 0.00351738 0.00343769 0.00346677 0.00340204 0.00411489 0.00292972 0.00403232 0.00424794 0.00413972 0.00312551 0.00332276 0.00394714 0.00378368 0.00417711 0.00428603 0.00398175 0.00403412 0.00433350 0.00533941 0.00305620 0.00289513 0.00408749 0.00371113 0.00398140 0.00376014 0.01043975 0.01054232 0.01060070 0.01084303 
32000      0.00103562 0.00085561 0.00075633 0.00000000 0.00085491 0.00073083 0.00078043 0.00082212 0.00064955 0.00092094 0.00071605 0.00089526 0.00077264 0.00092124 0.00117657 0.00106971 0.00104390 0.00105350 0.00096139 0.00123650 0.00125237 0.00149629 0.00125299 0.00210501 0.00199510 0.00214794 0.00207855 0.00197796 0.00206285 0.00209795 0.00359803 0.00350867 0.00362636 0.00356289 0.00357885 0.00354436 0.00365010 0.00362351 0.00361713 0.00354295 0.00434166 0.00310499 0.00427568 0.00447448 0.00434619 0.00329088 0.00356253 0.00411893 0.00394489 0.00439330 0.00451270 0.00420721 0.00425045 0.00452467 0.00560921 0.00324972 0.00306097 0.00424996 0.00387255 0.00417023 0.00394872 0.01069173 0.01078439 0.01081818 0.01104366 
32020      0.00094490 0.00060858 0.00071494 0.00085491 0.00000000 0.00059208 0.00072267 0.00077245 0.00064117 0.00088789 0.00062509 0.00068199 0.00064108 0.00078928 0.00108526 0.00108564 0.00105125 0.00100358 0.00089550 0.00120272 0.00102749 0.00132778 0.00105258 0.00184093 0.00179102 0.00191737 0.00184030 0.00179118 0.00182442 0.00182498 0.00335058 0.00327936 0.00338733 0.00331493 0.00333132 0.00332364 0.00341092 0.00337561 0.00336051 0.00329557 0.00404284 0.00282506 0.00400448 0.00418327 0.00404047 0.00305375 0.00326850 0.00385702 0.00372949 0.00413159 0.00422172 0.00392697 0.00397971 0.00427026 0.00531931 0.00298603 0.00278120 0.00396943 0.00356836 0.00385442 0.00360818 0.01033002 0.01043287 0.01047754 0.01071817 
32050      0.00087052 0.00064123 0.00067415 0.00073083 0.00059208 0.00000000 0.00062468 0.00067405 0.00058371 0.00083813 0.00060918 0.00070596 0.00062517 0.00069042 0.00107709 0.00090410 0.00087893 0.00081383 0.00091284 0.00115269 0.00101992 0.00129513 0.00107772 0.00193496 0.00190067 0.00196010 0.00190854 0.00190157 0.00192660 0.00189366 0.00337605 0.00331393 0.00340383 0.00334901 0.00334868 0.00332318 0.00342788 0.00338376 0.00338624 0.00332172 0.00413091 0.00292863 0.00406609 0.00425466 0.00415489 0.00308792 0.00329530 0.00392733 0.00377375 0.00418354 0.00428335 0.00399730 0.00406735 0.00431395 0.00539233 0.00307294 0.00283291 0.00404094 0.00362999 0.00393465 0.00368732 0.01049550 0.01055652 0.01057024 0.01084562 
32044      0.00101163 0.00070731 0.00073150 0.00078043 0.00072267 0.00062468 0.00000000 0.00064904 0.00067375 0.00079710 0.00071609 0.00074686 0.00082209 0.00079736 0.00111848 0.00098707 0.00089533 0.00098643 0.00092049 0.00121145 0.00116103 0.00128626 0.00111086 0.00188483 0.00185092 0.00199535 0.00190072 0.00183432 0.00185894 0.00195208 0.00343834 0.00339406 0.00347556 0.00341292 0.00341991 0.00342985 0.00352568 0.00347258 0.00346629 0.00341936 0.00417833 0.00296490 0.00413129 0.00428415 0.00422051 0.00318475 0.00341133 0.00403705 0.00388186 0.00424098 0.00434038 0.00403578 0.00413291 0.00437048 0.00541366 0.00310938 0.00293891 0.00412379 0.00375604 0.00402500 0.00379600 0.01059688 0.01069829 0.01070268 0.01098138 
34914      0.00090462 0.00064167 0.00078128 0.00082212 0.00077245 0.00067405 0.00064904 0.00000000 0.00065784 0.00074719 0.00062531 0.00064973 0.00073184 0.00077309 0.00116038 0.00107041 0.00106983 0.00099573 0.00095309 0.00127003 0.00118630 0.00132843 0.00116985 0.00194388 0.00190988 0.00199528 0.00188340 0.00185062 0.00191878 0.00192786 0.00343253 0.00337825 0.00345177 0.00343240 0.00342192 0.00340487 0.00351036 0.00343998 0.00346014 0.00337746 0.00413664 0.00294942 0.00414315 0.00431359 0.00418595 0.00314465 0.00337893 0.00399652 0.00385940 0.00422504 0.00434362 0.00405604 0.00408196 0.00438296 0.00541747 0.00312909 0.00290639 0.00413520 0.00373256 0.00401066 0.00380845 0.01041416 0.01054711 0.01055993 0.01080635 
34886      0.00088833 0.00069063 0.00054310 0.00064955 0.00064117 0.00058371 0.00067375 0.00065784 0.00000000 0.00082997 0.00056767 0.00064125 0.00065813 0.00066618 0.00102789 0.00086284 0.00083717 0.00086350 0.00083016 0.00113641 0.00111902 0.00129449 0.00107796 0.00194346 0.00180874 0.00194459 0.00185788 0.00184268 0.00183367 0.00186804 0.00340339 0.00334900 0.00341336 0.00336783 0.00335735 0.00336719 0.00347239 0.00340194 0.00341314 0.00335649 0.00414238 0.00292938 0.00406791 0.00423862 0.00415755 0.00311620 0.00330495 0.00389388 0.00375751 0.00420471 0.00430394 0.00400839 0.00407894 0.00431639 0.00540498 0.00309090 0.00285202 0.00403371 0.00361348 0.00391852 0.00368849 0.01045459 0.01051481 0.01058200 0.01079370 
34884      0.00121982 0.00080540 0.00092862 0.00092094 0.00088789 0.00083813 0.00079710 0.00074719 0.00082997 0.00000000 0.00085488 0.00085482 0.00078873 0.00091276 0.00136729 0.00117761 0.00119356 0.00121926 0.00107772 0.00141191 0.00131062 0.00147824 0.00131132 0.00211400 0.00211447 0.00216582 0.00215532 0.00202923 0.00208733 0.00214864 0.00368712 0.00364168 0.00371473 0.00367746 0.00367633 0.00367737 0.00374725 0.00370289 0.00373248 0.00363102 0.00445831 0.00327106 0.00441841 0.00460930 0.00448145 0.00346825 0.00369540 0.00431581 0.00413434 0.00452986 0.00461158 0.00429789 0.00439432 0.00467010 0.00575638 0.00339050 0.00321984 0.00445745 0.00402365 0.00432268 0.00410868 0.01087367 0.01095907 0.01101610 0.01125962 
34849      0.00094647 0.00065058 0.00069876 0.00071605 0.00062509 0.00060918 0.00071609 0.00062531 0.00056767 0.00085488 0.00000000 0.00066637 0.00064973 0.00069931 0.00106190 0.00098755 0.00101958 0.00092129 0.00083868 0.00113701 0.00094578 0.00123704 0.00106260 0.00190226 0.00187825 0.00197148 0.00186753 0.00184422 0.00186865 0.00186120 0.00335562 0.00327555 0.00335696 0.00332897 0.00332742 0.00333722 0.00342414 0.00335429 0.00336477 0.00330042 0.00407410 0.00290640 0.00402761 0.00421611 0.00410786 0.00306687 0.00327366 0.00388014 0.00374412 0.00413641 0.00425452 0.00397676 0.00403792 0.00430264 0.00532576 0.00304180 0.00280314 0.00399318 0.00360927 0.00386033 0.00362232 0.01045419 0.01058808 0.01055019 0.01077196 
34850      0.00093701 0.00076519 0.00082182 0.00089526 0.00068199 0.00070596 0.00074686 0.00064973 0.00064125 0.00085482 0.00066637 0.00000000 0.00067361 0.00069827 0.00122550 0.00089568 0.00104289 0.00105259 0.00097764 0.00107763 0.00100317 0.00123669 0.00106086 0.00191777 0.00189274 0.00193556 0.00190877 0.00188487 0.00184185 0.00196922 0.00345597 0.00339268 0.00349298 0.00342099 0.00343670 0.00342009 0.00352530 0.00348114 0.00348353 0.00340094 0.00413267 0.00292970 0.00407689 0.00425648 0.00416635 0.00308105 0.00328795 0.00390297 0.00369373 0.00420375 0.00430383 0.00399856 0.00405160 0.00432402 0.00538530 0.00309973 0.00285179 0.00403355 0.00362282 0.00391831 0.00369828 0.01049285 0.01057523 0.01055776 0.01088632 
34845      0.00092082 0.00051057 0.00071547 0.00077264 0.00064108 0.00062517 0.00082209 0.00073184 0.00065813 0.00078873 0.00064973 0.00067361 0.00000000 0.00016878 0.00108510 0.00103688 0.00100243 0.00092158 0.00096260 0.00126075 0.00113587 0.00138700 0.00116057 0.00189171 0.00179231 0.00201169 0.00184950 0.00182559 0.00188370 0.00185052 0.00349332 0.00342166 0.00349437 0.00346672 0.00345631 0.00344869 0.00354437 0.00349170 0.00350314 0.00342053 0.00421558 0.00299163 0.00416820 0.00431200 0.00423974 0.00310875 0.00333330 0.00392281 0.00380424 0.00427800 0.00437761 0.00406366 0.00417008 0.00441685 0.00544298 0.00316235 0.00287922 0.00403534 0.00365971 0.00394652 0.00369970 0.01045578 0.01059148 0.01064757 0.01083756 
34844      0.00093734 0.00057620 0.00079783 0.00092124 0.00078928 0.00069042 0.00079736 0.00077309 0.00066618 0.00091276 0.00069931 0.00069827 0.00016878 0.00000000 0.00118462 0.00103711 0.00108630 0.00098752 0.00099523 0.00124453 0.00116088 0.00142137 0.00118528 0.00208888 0.00198721 0.00214022 0.00198566 0.00195359 0.00199561 0.00195343 0.00361759 0.00357161 0.00366364 0.00361748 0.00360677 0.00359905 0.00370469 0.00364285 0.00366302 0.00356261 0.00426882 0.00307909 0.00423103 0.00439356 0.00430263 0.00320632 0.00343911 0.00407636 0.00385821 0.00431358 0.00441401 0.00410788 0.00418796 0.00444287 0.00549790 0.00318922 0.00300248 0.00415313 0.00372240 0.00403745 0.00383409 0.01055055 0.01065517 0.01069008 0.01091344 
34495      0.00146833 0.00109548 0.00124428 0.00117657 0.00108526 0.00107709 0.00111848 0.00116038 0.00102789 0.00136729 0.00106190 0.00122550 0.00108510 0.00118462 0.00000000 0.00097730 0.00093483 0.00100164 0.00083628 0.00137603 0.00135958 0.00161229 0.00136720 0.00240149 0.00241804 0.00247076 0.00244288 0.00242740 0.00244365 0.00245258 0.00394131 0.00388693 0.00396123 0.00390529 0.00392202 0.00391443 0.00398490 0.00395776 0.00396040 0.00389451 0.00469689 0.00353164 0.00465847 0.00483123 0.00473883 0.00368592 0.00385961 0.00448356 0.00439014 0.00478734 0.00485159 0.00450836 0.00464156 0.00491929 0.00597263 0.00363439 0.00342695 0.00460627 0.00421777 0.00453487 0.00428259 0.01105265 0.01111475 0.01117023 0.01138716 
34500      0.00115168 0.00100416 0.00104450 0.00106971 0.00108564 0.00090410 0.00098707 0.00107041 0.00086284 0.00117761 0.00098755 0.00089568 0.00103688 0.00103711 0.00097730 0.00000000 0.00070553 0.00074650 0.00069004 0.00140369 0.00133515 0.00156340 0.00137697 0.00232797 0.00228544 0.00233691 0.00230126 0.00218215 0.00228466 0.00227689 0.00381987 0.00376534 0.00383956 0.00379352 0.00379131 0.00377536 0.00387205 0.00381836 0.00383931 0.00377280 0.00458379 0.00333225 0.00452753 0.00470778 0.00462585 0.00351154 0.00370350 0.00435241 0.00417798 0.00464719 0.00473786 0.00441217 0.00451028 0.00477724 0.00582902 0.00348672 0.00327130 0.00442124 0.00402452 0.00434150 0.00409101 0.01098690 0.01108016 0.01112454 0.01138347 
34497      0.00121011 0.00107877 0.00101943 0.00104390 0.00105125 0.00087893 0.00089533 0.00106983 0.00083717 0.00119356 0.00101958 0.00104289 0.00100243 0.00108630 0.00093483 0.00070553 0.00000000 0.00068961 0.00066467 0.00134342 0.00136774 0.00152769 0.00138305 0.00223880 0.00225648 0.00225692 0.00230567 0.00220487 0.00226492 0.00223849 0.00377154 0.00369926 0.00380854 0.00374453 0.00375177 0.00372603 0.00382297 0.00379657 0.00379002 0.00372480 0.00452584 0.00327697 0.00443213 0.00463219 0.00455848 0.00347345 0.00370036 0.00432049 0.00414678 0.00456952 0.00465190 0.00436397 0.00442549 0.00470119 0.00575972 0.00341339 0.00325159 0.00447085 0.00405541 0.00432806 0.00407804 0.01094831 0.01101965 0.01103389 0.01129087 
34487      0.00123503 0.00099611 0.00099529 0.00105350 0.00100358 0.00081383 0.00098643 0.00099573 0.00086350 0.00121926 0.00092129 0.00105259 0.00092158 0.00098752 0.00100164 0.00074650 0.00068961 0.00000000 0.00072223 0.00142125 0.00135181 0.00157074 0.00131007 0.00232769 0.00232878 0.00244094 0.00231107 0.00230333 0.00230981 0.00232153 0.00382922 0.00376588 0.00385800 0.00379368 0.00380091 0.00380224 0.00389922 0.00384589 0.00384802 0.00378248 0.00457506 0.00333215 0.00453605 0.00471784 0.00461655 0.00352162 0.00371264 0.00430740 0.00417024 0.00465570 0.00473767 0.00443932 0.00450122 0.00480524 0.00580943 0.00347829 0.00328099 0.00445787 0.00409694 0.00436022 0.00411932 0.01092727 0.01102120 0.01103580 0.01129247 
34479      0.00113583 0.00101295 0.00093749 0.00096139 0.00089550 0.00091284 0.00092049 0.00095309 0.00083016 0.00107772 0.00083868 0.00097764 0.00096260 0.00099523 0.00083628 0.00069004 0.00066467 0.00072223 0.00000000 0.00123611 0.00116804 0.00132767 0.00116014 0.00221580 0.00218160 0.00224090 0.00219801 0.00213085 0.00214616 0.00221659 0.00379242 0.00372951 0.00383921 0.00376572 0.00378221 0.00375698 0.00384475 0.00380960 0.00380256 0.00373685 0.00444718 0.00327913 0.00442765 0.00463504 0.00450735 0.00350428 0.00366872 0.00428941 0.00411595 0.00454625 0.00463722 0.00434866 0.00440152 0.00466777 0.00574468 0.00342529 0.00321940 0.00443908 0.00402418 0.00432316 0.00405516 0.01090458 0.01096685 0.01104418 0.01127045 
32799      0.00149487 0.00125476 0.00122838 0.00123650 0.00120272 0.00115269 0.00121145 0.00127003 0.00113641 0.00141191 0.00113701 0.00107763 0.00126075 0.00124453 0.00137603 0.00140369 0.00134342 0.00142125 0.00123611 0.00000000 0.00059089 0.00084600 0.00070592 0.00219877 0.00218393 0.00227690 0.00220697 0.00214866 0.00211300 0.00219944 0.00367031 0.00361575 0.00371622 0.00365261 0.00365083 0.00364324 0.00373110 0.00369535 0.00369804 0.00362379 0.00443118 0.00319318 0.00435691 0.00455526 0.00447286 0.00345148 0.00366110 0.00427178 0.00409940 0.00450320 0.00459398 0.00429692 0.00433958 0.00463493 0.00569215 0.00334701 0.00319424 0.00438613 0.00401626 0.00429716 0.00408275 0.01098364 0.01105607 0.01104996 0.01133871 
32847      0.00136876 0.00103762 0.00118611 0.00125237 0.00102749 0.00101992 0.00116103 0.00118630 0.00111902 0.00131062 0.00094578 0.00100317 0.00113587 0.00116088 0.00135958 0.00133515 0.00136774 0.00135181 0.00116804 0.00059089 0.00000000 0.00073833 0.00062385 0.00200923 0.00206237 0.00201928 0.00205194 0.00202787 0.00200128 0.00202728 0.00359778 0.00353503 0.00361689 0.00357127 0.00356960 0.00354401 0.00364941 0.00361419 0.00361656 0.00353369 0.00431150 0.00305962 0.00423818 0.00440909 0.00431729 0.00334407 0.00350903 0.00412792 0.00396364 0.00435650 0.00446544 0.00417768 0.00423958 0.00450523 0.00555977 0.00324864 0.00303531 0.00420365 0.00385438 0.00410634 0.00392111 0.01063649 0.01074954 0.01073172 0.01100583 
32808      0.00164732 0.00127160 0.00127799 0.00149629 0.00132778 0.00129513 0.00128626 0.00132843 0.00129449 0.00147824 0.00123704 0.00123669 0.00138700 0.00142137 0.00161229 0.00156340 0.00152769 0.00157074 0.00132767 0.00084600 0.00073833 0.00000000 0.00078018 0.00222638 0.00226967 0.00228599 0.00225896 0.00220061 0.00224302 0.00218375 0.00376946 0.00372371 0.00381532 0.00376031 0.00375885 0.00373319 0.00383918 0.00381233 0.00380577 0.00373150 0.00451471 0.00324729 0.00443117 0.00463995 0.00452043 0.00354166 0.00376005 0.00435584 0.00421800 0.00455996 0.00466904 0.00440771 0.00444141 0.00471876 0.00576931 0.00341970 0.00327469 0.00445085 0.00406329 0.00433502 0.00410296 0.01091259 0.01099369 0.01099926 0.01129715 
32801      0.00144364 0.00106235 0.00116169 0.00125299 0.00105258 0.00107772 0.00111086 0.00116985 0.00107796 0.00131132 0.00106260 0.00106086 0.00116057 0.00118528 0.00136720 0.00137697 0.00138305 0.00131007 0.00116014 0.00070592 0.00062385 0.00078018 0.00000000 0.00204620 0.00202938 0.00211403 0.00208771 0.00201214 0.00201983 0.00207181 0.00355526 0.00347417 0.00357373 0.00352800 0.00352665 0.00351023 0.00359743 0.00357083 0.00357324 0.00350005 0.00433121 0.00307002 0.00426672 0.00446371 0.00436402 0.00328426 0.00347487 0.00413791 0.00399167 0.00437436 0.00446549 0.00420462 0.00426768 0.00451429 0.00561656 0.00325786 0.00303642 0.00416973 0.00384601 0.00411697 0.00389502 0.01077810 0.01087126 0.01087352 0.01114127 
32732      0.00232700 0.00194571 0.00186791 0.00210501 0.00184093 0.00193496 0.00188483 0.00194388 0.00194346 0.00211400 0.00190226 0.00191777 0.00189171 0.00208888 0.00240149 0.00232797 0.00223880 0.00232769 0.00221580 0.00219877 0.00200923 0.00222638 0.00204620 0.00000000 0.00050885 0.00050076 0.00054962 0.00049303 0.00047676 0.00058246 0.00437922 0.00427868 0.00438161 0.00434258 0.00435887 0.00434220 0.00442299 0.00436893 0.00438093 0.00432216 0.00512404 0.00388574 0.00503976 0.00525893 0.00513947 0.00409568 0.00428185 0.00492986 0.00479095 0.00517921 0.00526240 0.00495051 0.00502281 0.00534881 0.00637539 0.00402511 0.00387811 0.00501709 0.00465018 0.00491790 0.00470836 0.01150791 0.01158376 0.01158713 0.01186385 
32736      0.00225077 0.00186084 0.00184363 0.00199510 0.00179102 0.00190067 0.00185092 0.00190988 0.00180874 0.00211447 0.00187825 0.00189274 0.00179231 0.00198721 0.00241804 0.00228544 0.00225648 0.00232878 0.00218160 0.00218393 0.00206237 0.00226967 0.00202938 0.00050885 0.00000000 0.00050048 0.00065587 0.00050893 0.00053355 0.00050126 0.00421448 0.00415105 0.00423520 0.00417767 0.00420389 0.00416902 0.00427673 0.00422277 0.00424394 0.00418618 0.00495115 0.00374305 0.00486603 0.00507687 0.00497557 0.00395189 0.00413723 0.00474797 0.00460892 0.00499660 0.00511646 0.00480584 0.00489577 0.00519386 0.00619811 0.00389145 0.00370817 0.00486148 0.00446915 0.00481690 0.00452706 0.01137065 0.01147537 0.01146767 0.01171306 
32729      0.00241324 0.00197991 0.00199556 0.00214794 0.00191737 0.00196010 0.00199535 0.00199528 0.00194459 0.00216582 0.00197148 0.00193556 0.00201169 0.00214022 0.00247076 0.00233691 0.00225692 0.00244094 0.00224090 0.00227690 0.00201928 0.00228599 0.00211403 0.00050076 0.00050048 0.00000000 0.00054118 0.00049286 0.00059101 0.00056601 0.00446935 0.00438660 0.00446209 0.00444198 0.00444002 0.00440444 0.00451314 0.00445909 0.00446227 0.00440330 0.00524673 0.00394922 0.00514273 0.00539115 0.00525204 0.00415014 0.00432747 0.00498729 0.00479216 0.00530136 0.00539463 0.00509083 0.00515432 0.00549069 0.00649254 0.00412481 0.00394119 0.00506336 0.00470726 0.00499277 0.00475633 0.01163536 0.01173049 0.01168204 0.01195934 
32738      0.00229190 0.00185158 0.00195190 0.00207855 0.00184030 0.00190854 0.00190072 0.00188340 0.00185788 0.00215532 0.00186753 0.00190877 0.00184950 0.00198566 0.00244288 0.00230126 0.00230567 0.00231107 0.00219801 0.00220697 0.00205194 0.00225896 0.00208771 0.00054962 0.00065587 0.00054118 0.00000000 0.00052524 0.00063180 0.00063975 0.00430383 0.00423112 0.00430590 0.00428592 0.00429336 0.00426721 0.00436549 0.00431145 0.00432344 0.00424794 0.00507842 0.00380397 0.00499308 0.00523154 0.00508371 0.00400415 0.00419001 0.00480947 0.00466114 0.00513279 0.00522556 0.00495116 0.00500428 0.00532141 0.00634668 0.00397875 0.00380520 0.00493317 0.00456777 0.00484272 0.00459006 0.01144790 0.01150023 0.01148382 0.01177271 
32765      0.00219991 0.00185375 0.00182709 0.00197796 0.00179118 0.00190157 0.00183432 0.00185062 0.00184268 0.00202923 0.00184422 0.00188487 0.00182559 0.00195359 0.00242740 0.00218215 0.00220487 0.00230333 0.00213085 0.00214866 0.00202787 0.00220061 0.00201214 0.00049303 0.00050893 0.00049286 0.00052524 0.00000000 0.00053359 0.00052567 0.00424348 0.00416164 0.00423654 0.00421633 0.00421450 0.00418854 0.00429562 0.00424219 0.00424468 0.00417812 0.00491527 0.00372497 0.00486632 0.00507761 0.00492092 0.00393547 0.00412010 0.00475816 0.00462763 0.00496972 0.00510745 0.00476052 0.00487791 0.00514720 0.00617032 0.00385534 0.00369071 0.00488027 0.00450508 0.00478981 0.00453645 0.01132015 0.01139465 0.01141886 0.01166567 
32787      0.00231885 0.00189531 0.00189380 0.00206285 0.00182442 0.00192660 0.00185894 0.00191878 0.00183367 0.00208733 0.00186865 0.00184185 0.00188370 0.00199561 0.00244365 0.00228466 0.00226492 0.00230981 0.00214616 0.00211300 0.00200128 0.00224302 0.00201983 0.00047676 0.00053355 0.00059101 0.00063180 0.00053359 0.00000000 0.00057497 0.00437882 0.00426947 0.00437190 0.00434262 0.00435859 0.00432350 0.00442275 0.00436858 0.00437168 0.00432190 0.00508894 0.00388628 0.00500364 0.00525103 0.00508477 0.00406926 0.00423816 0.00489492 0.00473685 0.00513396 0.00523535 0.00493408 0.00502414 0.00533065 0.00635816 0.00405277 0.00379011 0.00497235 0.00461569 0.00489184 0.00463789 0.01146342 0.01156856 0.01157211 0.01184859 
32775      0.00231114 0.00180257 0.00197145 0.00209795 0.00182498 0.00189366 0.00195208 0.00192786 0.00186804 0.00214864 0.00186120 0.00196922 0.00185052 0.00195343 0.00245258 0.00227689 0.00223849 0.00232153 0.00221659 0.00219944 0.00202728 0.00218375 0.00207181 0.00058246 0.00050126 0.00056601 0.00063975 0.00052567 0.00057497 0.00000000 0.00438982 0.00428854 0.00437275 0.00433447 0.00435986 0.00431523 0.00441444 0.00437881 0.00438132 0.00432371 0.00512751 0.00381557 0.00502417 0.00521746 0.00513161 0.00407054 0.00418456 0.00489646 0.00471908 0.00515366 0.00523837 0.00494586 0.00503553 0.00530616 0.00633124 0.00404422 0.00379023 0.00493631 0.00457912 0.00486468 0.00462850 0.01141938 0.01150510 0.01152962 0.01179801 
35064      0.00379958 0.00342494 0.00343020 0.00359803 0.00335058 0.00337605 0.00343834 0.00343253 0.00340339 0.00368712 0.00335562 0.00345597 0.00349332 0.00361759 0.00394131 0.00381987 0.00377154 0.00382922 0.00379242 0.00367031 0.00359778 0.00376946 0.00355526 0.00437922 0.00421448 0.00446935 0.00430383 0.00424348 0.00437882 0.00438982 0.00000000 0.00028887 0.00029729 0.00024077 0.00019251 0.00040225 0.00039361 0.00034542 0.00030550 0.00025696 0.00562854 0.00443817 0.00557965 0.00578355 0.00566146 0.00470785 0.00495454 0.00559088 0.00544097 0.00573138 0.00576857 0.00555661 0.00554418 0.00581077 0.00689038 0.00454427 0.00455256 0.00569717 0.00536523 0.00556806 0.00542176 0.01239186 0.01251711 0.01251011 0.01278262 
35032      0.00375407 0.00335366 0.00338548 0.00350867 0.00327936 0.00331393 0.00339406 0.00337825 0.00334900 0.00364168 0.00327555 0.00339268 0.00342166 0.00357161 0.00388693 0.00376534 0.00369926 0.00376588 0.00372951 0.00361575 0.00353503 0.00372371 0.00347417 0.00427868 0.00415105 0.00438660 0.00423112 0.00416164 0.00426947 0.00428854 0.00028887 0.00000000 0.00036140 0.00030548 0.00035366 0.00035377 0.00036983 0.00034564 0.00032961 0.00036197 0.00559049 0.00437413 0.00553280 0.00573581 0.00563252 0.00464337 0.00488943 0.00551582 0.00534770 0.00569337 0.00573960 0.00553698 0.00551528 0.00579096 0.00685140 0.00448030 0.00447891 0.00562255 0.00532844 0.00550265 0.00536540 0.01233456 0.01243720 0.01244199 0.01273537 
35029      0.00384560 0.00343486 0.00345825 0.00362636 0.00338733 0.00340383 0.00347556 0.00345177 0.00341336 0.00371473 0.00335696 0.00349298 0.00349437 0.00366364 0.00396123 0.00383956 0.00380854 0.00385800 0.00383921 0.00371622 0.00361689 0.00381532 0.00357373 0.00438161 0.00423520 0.00446209 0.00430590 0.00423654 0.00437190 0.00437275 0.00029729 0.00036140 0.00000000 0.00026536 0.00028045 0.00029720 0.00032152 0.00030526 0.00030511 0.00029746 0.00566030 0.00444963 0.00560128 0.00581534 0.00569308 0.00471992 0.00498551 0.00562253 0.00545327 0.00574440 0.00580048 0.00557908 0.00559398 0.00584273 0.00691358 0.00455563 0.00454588 0.00569184 0.00539801 0.00558149 0.00543540 0.01240669 0.01253139 0.01254678 0.01280717 
34951      0.00379979 0.00341598 0.00342133 0.00356289 0.00331493 0.00334901 0.00341292 0.00343240 0.00336783 0.00367746 0.00332897 0.00342099 0.00346672 0.00361748 0.00390529 0.00379352 0.00374453 0.00379368 0.00376572 0.00365261 0.00357127 0.00376031 0.00352800 0.00434258 0.00417767 0.00444198 0.00428592 0.00421633 0.00434262 0.00433447 0.00024077 0.00030548 0.00026536 0.00000000 0.00034581 0.00033783 0.00031315 0.00024863 0.00024899 0.00020064 0.00558103 0.00439191 0.00555046 0.00573595 0.00563218 0.00468985 0.00491695 0.00553423 0.00536726 0.00569309 0.00572963 0.00551830 0.00551502 0.00578139 0.00686091 0.00453470 0.00447949 0.00564088 0.00533690 0.00551147 0.00536594 0.01235954 0.01245070 0.01246411 0.01273753 
35000      0.00379793 0.00340558 0.00341160 0.00357885 0.00333132 0.00334868 0.00341991 0.00342192 0.00335735 0.00367633 0.00332742 0.00343670 0.00345631 0.00360677 0.00392202 0.00379131 0.00375177 0.00380091 0.00378221 0.00365083 0.00356960 0.00375885 0.00352665 0.00435887 0.00420389 0.00444002 0.00429336 0.00421450 0.00435859 0.00435986 0.00019251 0.00035366 0.00028045 0.00034581 0.00000000 0.00032058 0.00034547 0.00028908 0.00028916 0.00024036 0.00557099 0.00440915 0.00554951 0.00575320 0.00562208 0.00471570 0.00493404 0.00556006 0.00541987 0.00569192 0.00571038 0.00551725 0.00552308 0.00578039 0.00685969 0.00453348 0.00453246 0.00567656 0.00536374 0.00552876 0.00539198 0.01234514 0.01245748 0.01245187 0.01273369 
35018      0.00378173 0.00338912 0.00341287 0.00354436 0.00332364 0.00332318 0.00342985 0.00340487 0.00336719 0.00367737 0.00333722 0.00342009 0.00344869 0.00359905 0.00391443 0.00377536 0.00372603 0.00380224 0.00375698 0.00364324 0.00354401 0.00373319 0.00351023 0.00434220 0.00416902 0.00440444 0.00426721 0.00418854 0.00432350 0.00431523 0.00040225 0.00035377 0.00029720 0.00033783 0.00032058 0.00000000 0.00031348 0.00025689 0.00039426 0.00035383 0.00557243 0.00438343 0.00554191 0.00572732 0.00561399 0.00467250 0.00491715 0.00554419 0.00538560 0.00566489 0.00574913 0.00551901 0.00551564 0.00578208 0.00684158 0.00451674 0.00449782 0.00565007 0.00534709 0.00552124 0.00538458 0.01235755 0.01242577 0.01243019 0.01272368 
34956      0.00386962 0.00348530 0.00351738 0.00365010 0.00341092 0.00342788 0.00352568 0.00351036 0.00347239 0.00374725 0.00342414 0.00352530 0.00354437 0.00370469 0.00398490 0.00387205 0.00382297 0.00389922 0.00384475 0.00373110 0.00364941 0.00383918 0.00359743 0.00442299 0.00427673 0.00451314 0.00436549 0.00429562 0.00442275 0.00441444 0.00039361 0.00036983 0.00032152 0.00031315 0.00034547 0.00031348 0.00000000 0.00029727 0.00044288 0.00035371 0.00570106 0.00449978 0.00566118 0.00584642 0.00574306 0.00477939 0.00503559 0.00564528 0.00547642 0.00580404 0.00584108 0.00562930 0.00563508 0.00589287 0.00696376 0.00462413 0.00459588 0.00575131 0.00543785 0.00563161 0.00549480 0.01247244 0.01257648 0.01260137 0.01285256 
35069      0.00384276 0.00342350 0.00343769 0.00362351 0.00337561 0.00338376 0.00347258 0.00343998 0.00340194 0.00370289 0.00335429 0.00348114 0.00349170 0.00364285 0.00395776 0.00381836 0.00379657 0.00384589 0.00380960 0.00369535 0.00361419 0.00381233 0.00357083 0.00436893 0.00422277 0.00445909 0.00431145 0.00424219 0.00436858 0.00437881 0.00034542 0.00034564 0.00030526 0.00024863 0.00028908 0.00025689 0.00029727 0.00000000 0.00038638 0.00031354 0.00561742 0.00445475 0.00556915 0.00575453 0.00564119 0.00472432 0.00495290 0.00560773 0.00543000 0.00571160 0.00572949 0.00555511 0.00553349 0.00580002 0.00685033 0.00456096 0.00455082 0.00568553 0.00539242 0.00557663 0.00542976 0.01238675 0.01252143 0.01250536 0.01278666 
13531      0.00384535 0.00346119 0.00346677 0.00361713 0.00336051 0.00338624 0.00346629 0.00346014 0.00341314 0.00373248 0.00336477 0.00348353 0.00350314 0.00366302 0.00396040 0.00383931 0.00379002 0.00384802 0.00380256 0.00369804 0.00361656 0.00380577 0.00357324 0.00438093 0.00424394 0.00446227 0.00432344 0.00424468 0.00437168 0.00438132 0.00030550 0.00032961 0.00030511 0.00024899 0.00028916 0.00039426 0.00044288 0.00038638 0.00000000 0.00035378 0.00560372 0.00443950 0.00554572 0.00575862 0.00563661 0.00473773 0.00497482 0.00563086 0.00544326 0.00570645 0.00574361 0.00553173 0.00551929 0.00580407 0.00686456 0.00456433 0.00454505 0.00570949 0.00539576 0.00557057 0.00544306 0.01239468 0.01250574 0.01250139 0.01274120 
13542      0.00375322 0.00337903 0.00340204 0.00354295 0.00329557 0.00332172 0.00341936 0.00337746 0.00335649 0.00363102 0.00330042 0.00340094 0.00342053 0.00356261 0.00389451 0.00377280 0.00372480 0.00378248 0.00373685 0.00362379 0.00353369 0.00373150 0.00350005 0.00432216 0.00418618 0.00440330 0.00424794 0.00417812 0.00432190 0.00432371 0.00025696 0.00036197 0.00029746 0.00020064 0.00024036 0.00035383 0.00035371 0.00031354 0.00035378 0.00000000 0.00555116 0.00437245 0.00551157 0.00569683 0.00559319 0.00465982 0.00491459 0.00553210 0.00537372 0.00565386 0.00570940 0.00549774 0.00550344 0.00575146 0.00681062 0.00451401 0.00448658 0.00562864 0.00531637 0.00549973 0.00535422 0.01232164 0.01243473 0.01243972 0.01273174 
27673      0.00441928 0.00410867 0.00411489 0.00434166 0.00404284 0.00413091 0.00417833 0.00413664 0.00414238 0.00445831 0.00407410 0.00413267 0.00421558 0.00426882 0.00469689 0.00458379 0.00452584 0.00457506 0.00444718 0.00443118 0.00431150 0.00451471 0.00433121 0.00512404 0.00495115 0.00524673 0.00507842 0.00491527 0.00508894 0.00512751 0.00562854 0.00559049 0.00566030 0.00558103 0.00557099 0.00557243 0.00570106 0.00561742 0.00560372 0.00555116 0.00000000 0.00287124 0.00058246 0.00068848 0.00064741 0.00448081 0.00462181 0.00530196 0.00516358 0.00053349 0.00069661 0.00056660 0.00050014 0.00070479 0.00175808 0.00302399 0.00424445 0.00531617 0.00506900 0.00523382 0.00515390 0.01208368 0.01211641 0.01215916 0.01239387 
27655      0.00326083 0.00285428 0.00292972 0.00310499 0.00282506 0.00292863 0.00296490 0.00294942 0.00292938 0.00327106 0.00290640 0.00292970 0.00299163 0.00307909 0.00353164 0.00333225 0.00327697 0.00333215 0.00327913 0.00319318 0.00305962 0.00324729 0.00307002 0.00388574 0.00374305 0.00394922 0.00380397 0.00372497 0.00388628 0.00381557 0.00443817 0.00437413 0.00444963 0.00439191 0.00440915 0.00438343 0.00449978 0.00445475 0.00443950 0.00437245 0.00287124 0.00000000 0.00285143 0.00297436 0.00290253 0.00342419 0.00354456 0.00425194 0.00399724 0.00288832 0.00299986 0.00286353 0.00286165 0.00304609 0.00397121 0.00105396 0.00319525 0.00429357 0.00402498 0.00416698 0.00404657 0.01093649 0.01096868 0.01103193 0.01128192 
27667      0.00436264 0.00402713 0.00403232 0.00427568 0.00400448 0.00406609 0.00413129 0.00414315 0.00406791 0.00441841 0.00402761 0.00407689 0.00416820 0.00423103 0.00465847 0.00452753 0.00443213 0.00453605 0.00442765 0.00435691 0.00423818 0.00443117 0.00426672 0.00503976 0.00486603 0.00514273 0.00499308 0.00486632 0.00500364 0.00502417 0.00557965 0.00553280 0.00560128 0.00555046 0.00554951 0.00554191 0.00566118 0.00556915 0.00554572 0.00551157 0.00058246 0.00285143 0.00000000 0.00060667 0.00064748 0.00444280 0.00456522 0.00517964 0.00503012 0.00048423 0.00063947 0.00054171 0.00050888 0.00061532 0.00183160 0.00301389 0.00418098 0.00523054 0.00500293 0.00515668 0.00505064 0.01214330 0.01218702 0.01225073 0.01246223 
27683      0.00456225 0.00422534 0.00424794 0.00447448 0.00418327 0.00425466 0.00428415 0.00431359 0.00423862 0.00460930 0.00421611 0.00425648 0.00431200 0.00439356 0.00483123 0.00470778 0.00463219 0.00471784 0.00463504 0.00455526 0.00440909 0.00463995 0.00446371 0.00525893 0.00507687 0.00539115 0.00523154 0.00507761 0.00525103 0.00521746 0.00578355 0.00573581 0.00581534 0.00573595 0.00575320 0.00572732 0.00584642 0.00575453 0.00575862 0.00569683 0.00068848 0.00297436 0.00060667 0.00000000 0.00083563 0.00463260 0.00475540 0.00541894 0.00523155 0.00062294 0.00077030 0.00081151 0.00065553 0.00084452 0.00191031 0.00311927 0.00438701 0.00545208 0.00521418 0.00538774 0.00528090 0.01232052 0.01232080 0.01240321 0.01260835 
27697      0.00446206 0.00413335 0.00413972 0.00434619 0.00404047 0.00415489 0.00422051 0.00418595 0.00415755 0.00448145 0.00410786 0.00416635 0.00423974 0.00430263 0.00473883 0.00462585 0.00455848 0.00461655 0.00450735 0.00447286 0.00431729 0.00452043 0.00436402 0.00513947 0.00497557 0.00525204 0.00508371 0.00492092 0.00508477 0.00513161 0.00566146 0.00563252 0.00569308 0.00563218 0.00562208 0.00561399 0.00574306 0.00564119 0.00563661 0.00559319 0.00064741 0.00290253 0.00064748 0.00083563 0.00000000 0.00455026 0.00461831 0.00529838 0.00509335 0.00063130 0.00070460 0.00079484 0.00060656 0.00081945 0.00187383 0.00309922 0.00425196 0.00534972 0.00508426 0.00527671 0.00515109 0.01218876 0.01221981 0.01225170 0.01250756 
12896      0.00344052 0.00305042 0.00312551 0.00329088 0.00305375 0.00308792 0.00318475 0.00314465 0.00311620 0.00346825 0.00306687 0.00308105 0.00310875 0.00320632 0.00368592 0.00351154 0.00347345 0.00352162 0.00350428 0.00345148 0.00334407 0.00354166 0.00328426 0.00409568 0.00395189 0.00415014 0.00400415 0.00393547 0.00406926 0.00407054 0.00470785 0.00464337 0.00471992 0.00468985 0.00471570 0.00467250 0.00477939 0.00472432 0.00473773 0.00465982 0.00448081 0.00342419 0.00444280 0.00463260 0.00455026 0.00000000 0.00124338 0.00157908 0.00135033 0.00451722 0.00465329 0.00437308 0.00439907 0.00466560 0.00564200 0.00355224 0.00109882 0.00198495 0.00181741 0.00191748 0.00194243 0.00997281 0.01009604 0.01010768 0.01031040 
4777       0.00368423 0.00317610 0.00332276 0.00356253 0.00326850 0.00329530 0.00341133 0.00337893 0.00330495 0.00369540 0.00327366 0.00328795 0.00333330 0.00343911 0.00385961 0.00370350 0.00370036 0.00371264 0.00366872 0.00366110 0.00350903 0.00376005 0.00347487 0.00428185 0.00413723 0.00432747 0.00419001 0.00412010 0.00423816 0.00418456 0.00495454 0.00488943 0.00498551 0.00491695 0.00493404 0.00491715 0.00503559 0.00495290 0.00497482 0.00491459 0.00462181 0.00354456 0.00456522 0.00475540 0.00461831 0.00124338 0.00000000 0.00161192 0.00149523 0.00462152 0.00478624 0.00450530 0.00456684 0.00480708 0.00578952 0.00373498 0.00125022 0.00217464 0.00186782 0.00191796 0.00192406 0.01013129 0.01018189 0.01023143 0.01042753 
16476      0.00427031 0.00384559 0.00394714 0.00411893 0.00385702 0.00392733 0.00403705 0.00399652 0.00389388 0.00431581 0.00388014 0.00390297 0.00392281 0.00407636 0.00448356 0.00435241 0.00432049 0.00430740 0.00428941 0.00427178 0.00412792 0.00435584 0.00413791 0.00492986 0.00474797 0.00498729 0.00480947 0.00475816 0.00489492 0.00489646 0.00559088 0.00551582 0.00562253 0.00553423 0.00556006 0.00554419 0.00564528 0.00560773 0.00563086 0.00553210 0.00530196 0.00425194 0.00517964 0.00541894 0.00529838 0.00157908 0.00161192 0.00000000 0.00160465 0.00531911 0.00544018 0.00519204 0.00520825 0.00548112 0.00646576 0.00442104 0.00168938 0.00271841 0.00240840 0.00261502 0.00250974 0.01071017 0.01075087 0.01078317 0.01104313 
14636      0.00406944 0.00369049 0.00378368 0.00394489 0.00372949 0.00377375 0.00388186 0.00385940 0.00375751 0.00413434 0.00374412 0.00369373 0.00380424 0.00385821 0.00439014 0.00417798 0.00414678 0.00417024 0.00411595 0.00409940 0.00396364 0.00421800 0.00399167 0.00479095 0.00460892 0.00479216 0.00466114 0.00462763 0.00473685 0.00471908 0.00544097 0.00534770 0.00545327 0.00536726 0.00541987 0.00538560 0.00547642 0.00543000 0.00544326 0.00537372 0.00516358 0.00399724 0.00503012 0.00523155 0.00509335 0.00135033 0.00149523 0.00160465 0.00000000 0.00513289 0.00525442 0.00500703 0.00500453 0.00532207 0.00628322 0.00414594 0.00161139 0.00258119 0.00236560 0.00244266 0.00242188 0.01062173 0.01069258 0.01068140 0.01098385 
27676      0.00450035 0.00415325 0.00417711 0.00439330 0.00413159 0.00418354 0.00424098 0.00422504 0.00420471 0.00452986 0.00413641 0.00420375 0.00427800 0.00431358 0.00478734 0.00464719 0.00456952 0.00465570 0.00454625 0.00450320 0.00435650 0.00455996 0.00437436 0.00517921 0.00499660 0.00530136 0.00513279 0.00496972 0.00513396 0.00515366 0.00573138 0.00569337 0.00574440 0.00569309 0.00569192 0.00566489 0.00580404 0.00571160 0.00570645 0.00565386 0.00053349 0.00288832 0.00048423 0.00062294 0.00063130 0.00451722 0.00462152 0.00531911 0.00513289 0.00000000 0.00062260 0.00055025 0.00059845 0.00055760 0.00168092 0.00304151 0.00429024 0.00534313 0.00510564 0.00528895 0.00517229 0.01224188 0.01224420 0.01231628 0.01255096 
27690      0.00460085 0.00425409 0.00428603 0.00451270 0.00422172 0.00428335 0.00434038 0.00434362 0.00430394 0.00461158 0.00425452 0.00430383 0.00437761 0.00441401 0.00485159 0.00473786 0.00465190 0.00473767 0.00463722 0.00459398 0.00446544 0.00466904 0.00446549 0.00526240 0.00511646 0.00539463 0.00522556 0.00510745 0.00523535 0.00523837 0.00576857 0.00573960 0.00580048 0.00572963 0.00571038 0.00574913 0.00584108 0.00572949 0.00574361 0.00570940 0.00069661 0.00299986 0.00063947 0.00077030 0.00070460 0.00465329 0.00478624 0.00544018 0.00525442 0.00062260 0.00000000 0.00058260 0.00054960 0.00068880 0.00194229 0.00310055 0.00442642 0.00550191 0.00518936 0.00538222 0.00528389 0.01225271 0.01228527 0.01236975 0.01260460 
27695      0.00429345 0.00398503 0.00398175 0.00420721 0.00392697 0.00399730 0.00403578 0.00405604 0.00400839 0.00429789 0.00397676 0.00399856 0.00406366 0.00410788 0.00450836 0.00441217 0.00436397 0.00443932 0.00434866 0.00429692 0.00417768 0.00440771 0.00420462 0.00495051 0.00480584 0.00509083 0.00495116 0.00476052 0.00493408 0.00494586 0.00555661 0.00553698 0.00557908 0.00551830 0.00551725 0.00551901 0.00562930 0.00555511 0.00553173 0.00549774 0.00056660 0.00286353 0.00054171 0.00081151 0.00079484 0.00437308 0.00450530 0.00519204 0.00500703 0.00055025 0.00058260 0.00000000 0.00061559 0.00080370 0.00183315 0.00299909 0.00415631 0.00521617 0.00497936 0.00514260 0.00503667 0.01204191 0.01204356 0.01211480 0.01233851 
27715      0.00434707 0.00402913 0.00403412 0.00425045 0.00397971 0.00406735 0.00413291 0.00408196 0.00407894 0.00439432 0.00403792 0.00405160 0.00417008 0.00418796 0.00464156 0.00451028 0.00442549 0.00450122 0.00440152 0.00433958 0.00423958 0.00444141 0.00426768 0.00502281 0.00489577 0.00515432 0.00500428 0.00487791 0.00502414 0.00503553 0.00554418 0.00551528 0.00559398 0.00551502 0.00552308 0.00551564 0.00563508 0.00553349 0.00551929 0.00550344 0.00050014 0.00286165 0.00050888 0.00065553 0.00060656 0.00439907 0.00456684 0.00520825 0.00500453 0.00059845 0.00054960 0.00061559 0.00000000 0.00068080 0.00179941 0.00297952 0.00418142 0.00527896 0.00499572 0.00517783 0.00509829 0.01205835 0.01206938 0.01212188 0.01239861 
27756      0.00464032 0.00431110 0.00433350 0.00452467 0.00427026 0.00431395 0.00437048 0.00438296 0.00431639 0.00467010 0.00430264 0.00432402 0.00441685 0.00444287 0.00491929 0.00477724 0.00470119 0.00480524 0.00466777 0.00463493 0.00450523 0.00471876 0.00451429 0.00534881 0.00519386 0.00549069 0.00532141 0.00514720 0.00533065 0.00530616 0.00581077 0.00579096 0.00584273 0.00578139 0.00578039 0.00578208 0.00589287 0.00580002 0.00580407 0.00575146 0.00070479 0.00304609 0.00061532 0.00084452 0.00081945 0.00466560 0.00480708 0.00548112 0.00532207 0.00055760 0.00068880 0.00080370 0.00068080 0.00000000 0.00192545 0.00318289 0.00445625 0.00555134 0.00529397 0.00544026 0.00536035 0.01235363 0.01234503 0.01243105 0.01264070 
27854      0.00569783 0.00534371 0.00533941 0.00560921 0.00531931 0.00539233 0.00541366 0.00541747 0.00540498 0.00575638 0.00532576 0.00538530 0.00544298 0.00549790 0.00597263 0.00582902 0.00575972 0.00580943 0.00574468 0.00569215 0.00555977 0.00576931 0.00561656 0.00637539 0.00619811 0.00649254 0.00634668 0.00617032 0.00635816 0.00633124 0.00689038 0.00685140 0.00691358 0.00686091 0.00685969 0.00684158 0.00696376 0.00685033 0.00686456 0.00681062 0.00175808 0.00397121 0.00183160 0.00191031 0.00187383 0.00564200 0.00578952 0.00646576 0.00628322 0.00168092 0.00194229 0.00183315 0.00179941 0.00192545 0.00000000 0.00401512 0.00537414 0.00650630 0.00625653 0.00639487 0.00633127 0.01350226 0.01354251 0.01359301 0.01387262 
